Mean: 48.323984
Median: 49.945543
StDev: 28.363149